%YAML:1.0
e_vectors: !!opencv-matrix
   rows: 20
   cols: 128
   dt: f
   data: [ -2.46235784e-002, -5.09494171e-002, -5.19541055e-002,
       -4.01313081e-002, 2.05693264e-002, 3.82980220e-002,
       1.45266913e-002, 8.03696830e-003, -1.01575665e-001,
       -6.57312647e-002, 5.85986208e-003, 5.03893234e-002,
       1.13653108e-001, 4.30577956e-002, -4.28522704e-003,
       -4.74054776e-002, 1.19674668e-001, 6.79976419e-002,
       8.82802438e-003, -2.13739816e-002, -4.72133048e-002,
       -3.17804515e-002, -2.78560054e-002, 2.87572388e-003,
       1.66117083e-002, -2.18125638e-002, -3.28923799e-002,
       -2.42224298e-002, -2.15482316e-003, -4.32255259e-003,
       -1.63097400e-002, -3.25687486e-003, -6.26115277e-002,
       -2.76787393e-002, -2.77795829e-002, -2.65909843e-002,
       3.36008407e-002, 2.43091043e-002, 2.02346500e-002,
       7.99632818e-003, -2.66701519e-001, -4.34680805e-002,
       7.81725198e-002, 2.00306669e-001, 2.69217491e-001,
       6.25546649e-002, -6.55605868e-002, -1.89481318e-001,
       2.67210513e-001, 1.99106127e-001, 3.73758748e-002,
       -3.12926210e-002, -1.38787508e-001, -1.55193031e-001,
       -1.14220843e-001, -3.12958360e-002, 7.83862174e-002,
       -3.50269154e-002, -6.63761869e-002, -3.93476561e-002,
       -1.50619838e-002, -1.44620342e-002, -2.80537680e-002,
       -2.15487238e-002, -6.80075735e-002, 1.50844613e-002,
       2.46321484e-002, 1.61926001e-002, 4.23677638e-002,
       -3.51682045e-002, -3.29961106e-002, -3.62596586e-002,
       -2.53210396e-001, -1.88626513e-001, -6.46913871e-002,
       7.13986978e-002, 2.73823708e-001, 2.00826600e-001,
       6.10351637e-002, -5.70316575e-002, 2.66914815e-001,
       -2.94407066e-002, -1.05583422e-001, -1.55921474e-001,
       -1.42265335e-001, -1.76193621e-002, 2.67656278e-002,
       1.76533356e-001, 8.07013065e-002, -1.36885969e-002,
       -8.30739550e-003, -9.88655258e-003, -2.28682533e-002,
       -3.79327238e-002, -4.56045642e-002, -3.31403092e-002,
       -3.35988477e-002, 2.18475387e-002, 1.31281205e-002,
       1.32544301e-002, 3.03252209e-002, -4.33291309e-002,
       -3.99997756e-002, -6.56017140e-002, -8.47779736e-002,
       -3.19152437e-002, -1.25958566e-002, 2.37172954e-002,
       1.32689551e-001, 6.04145788e-002, -1.25717027e-002,
       -9.81096774e-002, 1.52663350e-001, 6.79640099e-004,
       -2.35923547e-002, -3.17389034e-002, -5.73142432e-002,
       -1.76717024e-002, 6.33259444e-003, 5.70053607e-002,
       2.10138801e-002, -3.47404019e-003, 2.48537236e-003,
       3.71744344e-003, -6.58591045e-003, -2.39183083e-002,
       -2.22660899e-002, -3.81844677e-002, 2.00388860e-002,
       2.34046541e-002, -2.07404681e-002, 8.49960838e-003,
       1.34086970e-003, -4.79976982e-002, -5.25000319e-002,
       -3.68639976e-002, 1.81437060e-001, 5.75777814e-002,
       -1.06921569e-001, -4.96790931e-002, 2.43631564e-002,
       -4.78921905e-002, -6.24772720e-002, -7.58902461e-004,
       2.65250593e-001, 1.27656469e-002, -1.32116243e-001,
       -6.11848421e-002, 9.70097550e-004, -4.26626168e-002,
       -6.93557113e-002, 1.87186152e-002, 9.87319127e-002,
       -2.22360231e-002, -8.34282041e-002, -5.12462519e-002,
       -2.89923865e-002, -4.64996807e-002, -7.02526718e-002,
       -1.22277234e-002, 1.35225977e-003, 2.33569797e-002,
       2.28331145e-003, -1.83527917e-002, -1.74114536e-002,
       -7.32712969e-002, -5.25166988e-002, -5.06356284e-002,
       1.10209264e-001, 4.76172082e-002, -5.57372272e-002,
       -5.28453737e-002, -1.03689767e-001, -1.47450730e-001,
       -7.01329783e-002, -1.77528579e-002, 1.53930277e-001,
       -1.50602926e-002, -7.95083642e-002, -5.71093038e-002,
       -7.13550076e-002, -9.42261964e-002, -8.73945951e-002,
       -2.21882686e-002, 8.18017051e-002, -8.14334676e-003,
       -4.26777378e-002, -5.63660488e-002, -5.95490336e-002,
       -5.94695993e-002, -8.19400847e-002, -3.64673845e-002,
       -3.40879783e-002, -1.72240380e-002, 2.53455322e-002,
       4.09017280e-002, 3.38678546e-002, -6.29356503e-002,
       -7.84931183e-002, -7.16050267e-002, 2.03782842e-001,
       5.67545965e-002, 2.88529750e-002, 4.02272418e-002,
       -8.23456347e-002, -2.75380284e-001, -1.99210599e-001,
       -3.20807099e-002, 1.53990567e-001, 6.02124818e-002,
       -2.60227360e-002, -7.36607984e-002, -6.40655011e-002,
       -1.16701312e-001, -1.76231116e-001, -1.23669855e-001,
       1.11676939e-001, 1.94263197e-002, -4.80519421e-002,
       -8.91821608e-002, -6.23455159e-002, -3.22066583e-002,
       -3.82923484e-002, -3.40082832e-002, -4.35664281e-002,
       -6.37563020e-002, -6.21126741e-002, 1.95803810e-002,
       7.05377534e-002, 4.90113199e-002, -2.39642034e-003,
       -2.84592193e-002, 2.18244329e-001, 3.09089329e-002,
       -5.86186908e-002, 3.30118957e-004, 7.15415329e-002,
       -6.74378201e-002, -9.53220949e-002, 4.37826887e-002,
       3.99534941e-001, 1.35453016e-001, -3.65174562e-002,
       -6.52321130e-002, -2.80589815e-002, -8.58983546e-002,
       -1.25656843e-001, 2.72180345e-002, 1.42866164e-001,
       6.11417703e-002, -3.74802053e-002, -6.40504509e-002,
       -3.20730880e-002, -4.15704250e-002, -7.08235428e-002,
       -2.30647922e-002, -4.14363071e-002, 9.16925725e-003,
       3.91852446e-002, 1.32277748e-002, -2.42669173e-002,
       2.62716096e-002, 2.93952450e-002, -4.38780477e-003,
       -5.70706017e-002, 6.49188645e-003, 6.16657026e-002,
       -2.85758991e-002, -1.31262347e-001, -2.09980682e-002,
       2.76705008e-002, 4.90271486e-002, 5.89318685e-002,
       2.76949946e-002, -4.69229883e-004, -6.66047335e-002,
       -1.08720504e-001, -4.48730066e-002, 5.65254353e-002,
       1.39037862e-001, 2.00389288e-002, -2.85666026e-002,
       -2.52496731e-002, -6.26580939e-002, -4.17809077e-002,
       -3.33601586e-003, 8.90438110e-002, 1.10511661e-001,
       -1.51932854e-002, 1.52408602e-002, 5.37676923e-002,
       -7.58668454e-003, -1.08006492e-001, 1.90827381e-002,
       6.23834468e-002, 3.84599529e-002, -1.16143366e-002,
       -3.75424768e-003, 3.19443569e-002, -1.10374339e-001,
       -1.77144423e-001, 5.29462621e-002, 1.05734825e-001,
       1.12547830e-001, 8.61845464e-002, 6.98157353e-003,
       -7.04618245e-002, -1.56424254e-001, -2.47531652e-001,
       -5.54030612e-002, 1.48420081e-001, 2.03525290e-001,
       1.47973746e-002, -5.26552349e-002, -7.97358900e-002,
       -7.84466267e-002, -8.04847851e-002, 1.72499083e-002,
       1.53821081e-001, 1.10187776e-001, 1.42402668e-002,
       6.90829800e-003, 2.92300694e-002, -3.57978046e-002,
       -1.37942597e-001, 2.07817703e-002, 1.08326256e-001,
       9.20464322e-002, -1.50403799e-002, -7.53100067e-002,
       -6.15648702e-002, -1.15965188e-001, -2.33719394e-001,
       2.24715285e-002, 1.46547750e-001, 1.75617084e-001,
       1.69798613e-001, -8.35138652e-003, -1.19169898e-001,
       -2.13441551e-001, -2.45178193e-001, 5.19011170e-003,
       1.55138776e-001, 1.85467228e-001, -2.21273471e-002,
       -3.35696638e-002, -4.39521782e-002, -3.38921659e-002,
       -8.67955759e-002, 9.95857548e-003, 7.44014308e-002,
       2.21301466e-002, 2.54616980e-002, 1.61436084e-003,
       3.06678098e-002, -2.34466121e-002, -1.16011336e-001,
       2.78276135e-003, 8.07690024e-002, 8.32364336e-002,
       1.08348496e-001, 1.91799775e-002, 4.53657378e-003,
       -4.01817746e-002, -2.46844783e-001, -8.18909630e-002,
       7.13636130e-002, 1.49260864e-001, 5.20366523e-003,
       6.23275004e-002, 3.94468801e-003, -1.38943968e-002,
       -1.49419859e-001, -6.59024268e-002, 2.91535840e-003,
       4.48821299e-002, -4.50600050e-002, 3.08232419e-002,
       1.82041284e-002, 3.61510850e-002, -4.55686897e-002,
       -2.66724303e-002, -2.10919827e-002, -3.39676365e-002,
       -7.07266927e-002, -1.27559900e-001, -7.92068765e-002,
       1.97616145e-002, 1.67757317e-001, 7.62457624e-002,
