%YAML:1.0
e_vectors: !!opencv-matrix
   rows: 20
   cols: 128
   dt: f
   data: [ -4.16208245e-003, -2.75420062e-002, -2.44135521e-002,
       -2.18658242e-002, 8.75026174e-003, 3.06666587e-002,
       2.29642969e-002, 1.79169476e-002, -1.16740368e-001,
       -3.47086377e-002, 1.90889295e-002, 4.68610674e-002,
       9.28574279e-002, 3.68766077e-002, -3.65147321e-003,
       -6.25634566e-002, 8.16005468e-002, 4.86291461e-002,
       1.48905329e-002, -1.73966326e-002, -6.38404563e-002,
       -3.93849723e-002, -1.66663397e-002, 4.82114404e-003,
       1.93355035e-003, -1.83474272e-002, -2.15232633e-002,
       -2.39075944e-002, -8.51267017e-003, 1.14616286e-003,
       4.49871039e-003, 1.15120392e-002, -3.85892726e-002,
       -7.20043259e-004, -7.67597742e-003, -2.20282711e-002,
       5.17984759e-003, 2.53414754e-002, 3.69063653e-002,
       2.82746181e-002, -2.78014064e-001, -1.19842496e-002,
       8.95887911e-002, 1.99109375e-001, 2.54757673e-001,
       6.04155622e-002, -6.38461858e-002, -2.12291688e-001,
       2.76367038e-001, 1.89399496e-001, 4.47995737e-002,
       -4.73837927e-002, -1.93804413e-001, -1.76756933e-001,
       -1.08545445e-001, -1.44794518e-002, 1.93093717e-002,
       -3.83719802e-002, -4.50272746e-002, -1.92980263e-002,
       1.47685381e-002, -2.15576403e-003, -1.02123814e-002,
       -1.85133182e-002, -4.80856523e-002, 3.86943668e-002,
       3.78425568e-002, 1.57926157e-002, 5.60932374e-003,
       -2.11710818e-002, -1.61445178e-002, -1.94674693e-002,
       -2.68101484e-001, -1.77897617e-001, -5.32260500e-002,
       6.23406507e-002, 2.55453646e-001, 2.01688170e-001,
       7.25095421e-002, -4.61079367e-002, 2.76360095e-001,
       -1.48817869e-002, -1.09923743e-001, -1.80809557e-001,
       -1.97498083e-001, -3.44450921e-002, 4.07708809e-002,
       1.88015625e-001, 1.44453468e-002, -1.51541028e-002,
       -6.56787655e-004, 2.04646960e-002, 1.83769017e-002,
       -2.74620131e-002, -4.69087139e-002, -5.10678627e-002,
       -3.38033400e-002, 2.69481223e-002, 2.68328637e-002,
       1.66861974e-002, 1.93815790e-002, -1.36296209e-002,
       -2.23669205e-002, -4.34601009e-002, -1.10224068e-001,
       -3.64605226e-002, -7.52589293e-003, 2.21182276e-002,
       9.50312689e-002, 4.76608314e-002, 9.55904182e-003,
       -4.95260805e-002, 1.23311758e-001, 2.01982241e-002,
       -2.73694359e-002, -4.70770523e-002, -6.44334033e-002,
       -2.57930998e-002, 1.93280820e-003, 4.75669652e-002,
       -1.29322847e-002, 3.87523766e-003, 8.06113891e-003,
       1.64532680e-002, 1.62363853e-002, -1.54613741e-002,
       -2.33124383e-002, -4.01872434e-002, 2.49572471e-002,
       -8.21812451e-002, -9.34628919e-002, 3.59541969e-003,
       1.11658119e-001, 2.14638393e-002, -2.65115853e-002,
       2.05115881e-003, 1.38291553e-001, -8.45834911e-002,
       -1.10780150e-001, 1.50084635e-002, 1.73396066e-001,
       1.47891082e-002, -5.14263213e-002, 1.39596006e-002,
       1.48923591e-001, -4.36239541e-002, -6.90490454e-002,
       3.51709425e-002, 1.59519717e-001, 4.96072974e-003,
       -6.76826388e-002, -1.38505306e-002, 3.46476659e-002,
       4.73008782e-004, -2.31197439e-002, 5.63229769e-002,
       1.18477292e-001, -6.93455571e-003, -6.56776801e-002,
       -3.96114811e-002, 1.97684802e-002, -9.00151655e-002,
       -1.12068005e-001, -1.17764305e-002, 1.60964027e-001,
       1.32463342e-002, -3.26726176e-002, 8.64315126e-003,
       5.35862930e-002, -1.23749420e-001, -1.58609703e-001,
       -1.55364769e-003, 2.26189464e-001, -2.51138140e-003,
       -8.29176456e-002, -4.80726771e-002, 2.21951269e-002,
       -1.03236340e-001, -7.81893656e-002, 8.69388953e-002,
       2.59819239e-001, -9.20342654e-003, -1.54127598e-001,
       -1.02434643e-001, 4.97506782e-002, 9.50096233e-004,
       2.04078271e-003, 8.55725929e-002, 1.60863489e-001,
       -3.72847281e-002, -1.36596665e-001, -6.23921230e-002,
       1.56446472e-002, -3.73912863e-002, -5.92715144e-002,
       1.83580220e-002, 1.65814385e-001, -2.49353740e-002,
       -9.53733101e-002, -3.31070758e-002, 2.08698940e-002,
       -7.62503073e-002, -7.85887316e-002, 2.65303720e-002,
       2.34248668e-001, -2.47769780e-003, -1.21937633e-001,
       -8.09185728e-002, -2.26512272e-002, -1.23587258e-001,
       -8.16649869e-002, 9.47196409e-002, 2.62489110e-001,
       8.54598545e-003, -1.10044353e-001, -9.76591930e-002,
       3.64834405e-002, -5.68115413e-002, -6.96701333e-002,
       3.72136682e-002, 1.55757070e-001, -3.33406101e-003,
       -4.57237028e-002, 8.75748415e-003, 4.58105095e-002,
       -8.87126196e-003, -3.62819098e-002, 3.43138278e-002,
       1.11142494e-001, -4.93265465e-002, -9.58017260e-002,
       -3.66342328e-002, 6.08505160e-002, -5.20165265e-002,
       -5.22375107e-002, 3.22619528e-002, 2.03590706e-001,
       1.74810085e-002, -9.16808099e-002, -5.26004955e-002,
       4.14980166e-002, -1.03393316e-001, -8.64362344e-002,
       3.27840745e-002, 1.96146160e-001, 3.71792354e-002,
       -4.08781171e-002, -2.69747302e-002, 2.69422308e-002,
       -6.41599670e-002, -8.00979510e-002, -2.35992926e-003,
       1.16906688e-001, 3.10402904e-002, -5.80829009e-003,
       3.50853498e-003, -2.44097188e-002, 3.77092324e-002,
       2.41029635e-002, 1.84548572e-002, 3.88954161e-003,
       -5.52745387e-002, -6.60286993e-002, -6.27033338e-002,
       1.75374135e-001, 9.25998613e-002, -2.15835981e-002,
       -3.26264277e-002, -5.50486557e-002, -8.46974179e-002,
       -8.11101943e-002, -2.13071425e-002, 1.55762956e-001,
       3.76265533e-002, -4.66062278e-002, -3.36453058e-002,
       -1.90840606e-002, -6.44104555e-002, -8.53885710e-002,
       -2.97468435e-002, 7.40939528e-002, -3.22199822e-003,
       -4.54200879e-002, -4.91847992e-002, -4.49614599e-002,
       -4.64295894e-002, -7.19629824e-002, -3.90859880e-002,
       -5.76519594e-002, 3.13519463e-002, 3.54471207e-002,
       2.19653510e-002, 1.97270550e-002, -5.64288311e-002,
       -7.87732825e-002, -1.15809962e-001, 9.68600065e-002,
       9.85698700e-002, 4.69289534e-002, 1.09824883e-002,
       -1.48240104e-001, -1.61093906e-001, -1.25726119e-001,
       -7.43634477e-002, 1.49433061e-001, 6.57998547e-002,
       1.03006987e-002, -7.91773386e-003, -6.74842224e-002,
       -1.43120140e-001, -1.40778020e-001, -7.13128224e-002,
       1.14037588e-001, 2.48703677e-002, -2.47350764e-002,
       -7.59075135e-002, -1.18551552e-001, -9.96688157e-002,
       -1.01823613e-001, -4.36038487e-002, -7.22959191e-002,
       -2.42452119e-002, 1.25466622e-002, 4.03041132e-002,
       5.47036938e-002, -2.35468354e-002, -8.60271454e-002,
       -1.25922769e-001, 1.93349674e-001, 5.66320606e-002,
       1.09664453e-002, 4.40198891e-002, -9.46596637e-002,
       -2.30231836e-001, -1.60824269e-001, -5.25502823e-002,
       1.34876832e-001, 8.16175863e-002, -1.56338010e-002,
       -8.21351185e-002, -8.60508010e-002, -1.18742481e-001,
       -1.52850553e-001, -9.62186530e-002, 1.58036187e-001,
       4.23216224e-002, -3.87468413e-002, -1.21934980e-001,
       -1.49480522e-001, -6.01382144e-002, -5.41138723e-002,
       -9.60556511e-003, -5.75387254e-002, -5.38261794e-002,
       -6.05597235e-002, 1.86349684e-003, 6.65691867e-002,
       5.79388179e-002, -2.67351270e-002, -6.78993016e-002,
       1.92078710e-001, 3.52735519e-002, -5.67594618e-002,
       -2.47706715e-002, 2.72219386e-002, -4.53130677e-002,
       -7.43369237e-002, 1.89206991e-002, 3.43979627e-001,
       1.25405252e-001, -2.63580196e-002, -8.15610513e-002,
       -7.83888176e-002, -8.62760395e-002, -9.42190289e-002,
       3.72822620e-002, 1.41978204e-001, 7.29333609e-002,
       -2.53567174e-002, -7.11483955e-002, -9.02585536e-002,
       -5.99483252e-002, -6.72603846e-002, -7.74522498e-003,
       -9.25290119e-003, 4.83465753e-002, 6.04375191e-002,
       4.24854793e-002, -4.94109243e-002, -3.50785367e-002,
