%YAML:1.0
e_vectors: !!opencv-matrix
   rows: 20
   cols: 128
   dt: f
   data: [ -2.34739110e-003, -1.98441353e-002, -2.62007937e-002,
       -1.67754535e-002, 1.24471029e-002, 3.07858866e-002,
       1.97301265e-002, 1.36047965e-002, -8.39634761e-002,
       -2.03620456e-002, 1.13858515e-002, 3.80655639e-002,
       7.70494118e-002, 3.26792225e-002, -1.13687841e-002,
       -5.90553284e-002, 1.15278855e-001, 3.99932340e-002,
       -2.08114833e-003, -2.66499687e-002, -6.04812689e-002,
       -3.90794724e-002, -2.16752607e-002, 2.47319415e-002,
       2.04321053e-002, -1.93788912e-002, -2.95658074e-002,
       -3.22305299e-002, -4.33441624e-003, 7.47790886e-003,
       8.49998742e-003, 1.95111483e-002, -4.37877737e-002,
       2.60339025e-003, -5.10499207e-003, -7.32202083e-003,
       1.42334308e-002, 3.35023515e-002, 3.18594873e-002,
       2.16428209e-002, -2.65400976e-001, 2.67998519e-004,
       9.33424458e-002, 1.86864883e-001, 2.09980801e-001,
       5.31147644e-002, -7.50856102e-002, -2.16169983e-001,
       2.91830957e-001, 1.91064060e-001, 4.78641130e-002,
       -5.77299185e-002, -2.19302937e-001, -2.03035414e-001,
       -1.18702956e-001, -3.83325783e-003, 4.24446017e-002,
       -2.65963469e-002, -4.28305157e-002, -2.73473691e-002,
       3.28726810e-003, 2.74935598e-003, -6.32725377e-003,
       -8.77164491e-003, -4.71251868e-002, 2.88885422e-002,
       3.65665518e-002, 3.18217054e-002, 9.10724886e-003,
       -8.45768768e-003, -5.97247295e-003, -3.90223344e-003,
       -2.64108419e-001, -2.02776507e-001, -6.54260665e-002,
       5.73921427e-002, 2.07025856e-001, 1.87044322e-001,
       8.79578292e-002, -1.03233531e-002, 2.89559036e-001,
       2.97093624e-003, -1.12938628e-001, -2.01510251e-001,
       -2.26730302e-001, -5.42991348e-002, 4.92256470e-002,
       1.87629268e-001, 4.07415442e-002, -2.68497737e-003,
       -4.34563635e-003, 7.37567944e-003, 7.21599907e-003,
       -2.98316870e-002, -4.17117439e-002, -3.51982862e-002,
       -1.77165475e-002, 1.83276404e-002, 2.45923083e-002,
       3.34291793e-002, 1.17541170e-002, -1.14978375e-002,
       -1.91890672e-002, -2.61194520e-002, -9.32181403e-002,
       -5.17564118e-002, -1.82527420e-003, 2.93476712e-002,
       7.17352405e-002, 3.77330780e-002, 6.56932686e-003,
       -2.28537563e-002, 1.23698182e-001, 3.33276875e-002,
       -1.75394043e-002, -4.51895967e-002, -7.15285540e-002,
       -2.95263566e-002, -3.31149832e-003, 4.32315208e-002,
       1.11553734e-002, 2.31672917e-002, 1.83391348e-002,
       1.42830405e-002, 8.28571152e-003, -2.84829196e-002,
       -2.89706066e-002, -2.96783131e-002, 4.90763150e-002,
       -2.87141372e-002, -7.07739890e-002, -3.69473696e-002,
       2.06198525e-002, -4.01144661e-002, -5.93348444e-002,
       -3.45887616e-002, 3.63059819e-001, 2.91235540e-002,
       -9.83350649e-002, -8.31870213e-002, -2.55816616e-002,
       -6.98611438e-002, -9.24240649e-002, 2.71637887e-002,
       2.42649674e-001, -1.20117785e-002, -8.33507255e-002,
       -1.00202402e-002, 1.05833054e-001, -5.15576974e-002,
       -1.17700219e-001, -2.04883348e-002, 2.17361376e-002,
       -3.69098522e-002, -4.55227681e-002, 1.31729692e-002,
       7.79633448e-002, -2.69985925e-002, -8.21218267e-002,
       -6.87086359e-002, 4.31176424e-002, -6.02575913e-002,
       -1.13055348e-001, -8.43484849e-002, 1.12505481e-002,
       -3.24906893e-002, -4.53703776e-002, -2.79962327e-002,
       1.87566429e-001, -2.70861611e-002, -1.02748767e-001,
       -9.75716934e-002, -1.84003972e-002, -7.42245018e-002,
       -1.48922175e-001, -9.25337970e-002, 1.58117160e-001,
       -3.75987440e-002, -6.58042729e-002, 9.96084139e-003,
       6.71938881e-002, -1.50266513e-001, -1.99150115e-001,
       -8.61299485e-002, 2.96129603e-002, -3.23598273e-002,
       -3.88284773e-002, 1.07927937e-002, 5.26225045e-002,
       -7.79598504e-002, -1.07191563e-001, -6.96277246e-002,
       3.53435762e-002, -3.82757522e-002, -5.56435958e-002,
       -2.95289997e-002, 8.26578308e-003, -7.38042966e-002,
       -1.04713604e-001, -5.97161204e-002, 1.77928209e-001,
       -8.70565698e-002, -1.20486833e-001, -4.06783819e-002,
       -5.85930236e-003, -1.06477074e-001, -1.15404777e-001,
       -4.78344820e-002, 1.43574253e-001, -7.36771375e-002,
       -1.54697865e-001, -1.05113938e-001, 5.98918311e-002,
       -3.64724509e-002, -9.03353542e-002, -5.15762083e-002,
       3.73205170e-002, -6.85834438e-002, -9.71671790e-002,
       -5.76802641e-002, 4.43427786e-002, -2.75177434e-002,
       -4.89693284e-002, -2.23039780e-002, 3.79430838e-002,
       -3.85465287e-002, -5.04235961e-002, -2.35052984e-002,
       1.29707344e-002, -4.60012183e-002, -8.39947611e-002,
       -4.07939591e-002, 3.12717170e-001, 4.71571367e-003,
       -7.99639151e-002, -3.89127992e-002, -1.12410460e-004,
       -7.84922540e-002, -1.04365624e-001, 9.14019626e-003,
       2.30563387e-001, -4.89495508e-003, -9.74367335e-002,
       -3.97121869e-002, 9.08316001e-002, -2.97512114e-002,
       -8.38074684e-002, -1.85528621e-002, 3.26753184e-002,
       -4.48289141e-002, -7.06459880e-002, -3.58514078e-002,
       6.18317984e-002, -9.96831805e-003, -4.72646020e-002,
       -2.79324427e-002, 5.01424484e-002, 2.41718721e-003,
       -1.40053611e-002, 2.16400810e-002, 3.54301222e-002,
       -7.97374174e-003, -1.32732876e-002, 2.02437155e-002,
       9.12601352e-002, 5.19928108e-005, -3.58470529e-003,
       4.84124795e-002, 7.74913207e-002, -1.62056123e-003,
       -4.50664125e-002, 1.67451762e-002, -5.19042052e-002,
       -2.18026079e-002, 1.48323178e-002, 1.06645435e-001,
       1.94036037e-001, 2.11416166e-002, -6.69444799e-002,
       -4.95523065e-002, 4.25014325e-004, 9.54817887e-003,
       2.13229936e-002, 1.06921755e-001, 1.19322278e-001,
       -2.09158510e-002, -6.66017756e-002, -3.68665643e-002,
       2.53458917e-002, -6.16333168e-003, 4.65181365e-004,
       6.37836084e-002, 8.04175287e-002, -1.27391201e-002,
       -2.79255174e-002, -8.27434286e-003, -6.12046905e-002,
       2.49479171e-002, 4.24211510e-002, 1.54451579e-001,
       1.60675317e-001, -4.74320911e-002, -1.51868880e-001,
       -1.64937511e-001, -9.12057422e-003, 3.87146249e-002,
       8.27274919e-002, 2.49067262e-001, 2.52121836e-001,
       -1.28672048e-001, -2.27517247e-001, -1.47923306e-001,
       1.89717412e-002, 3.09785455e-002, 6.56247586e-002,
       1.61480352e-001, 1.27267852e-001, -1.03670076e-001,
       -1.38625994e-001, -4.38741557e-002, -3.36304866e-002,
       -4.32328507e-003, 1.31114312e-002, 6.60400987e-002,
       1.04112476e-001, 1.07856803e-002, -3.04616112e-002,
       -1.98307000e-002, -9.26165804e-002, 3.35652195e-002,
       9.89593118e-002, 1.39118657e-001, 1.76711664e-001,
       1.93260200e-002, -5.55221178e-002, -9.05463472e-002,
       -1.60808474e-001, -3.41427140e-002, 1.01853728e-001,
       2.77391285e-001, 1.54647291e-001, -1.16534218e-001,
       -8.39208290e-002, -5.95913827e-002, 3.80024128e-002,
       2.28141434e-002, 3.08196526e-002, 1.00238793e-001,
       4.43693288e-002, -1.16223723e-001, -6.52168095e-002,
       2.12286972e-002, -3.09292637e-002, -7.50407926e-004,
       7.58511666e-003, 4.66831215e-002, 7.19489530e-002,
       1.56182786e-002, -1.30054727e-002, -2.58805025e-002,
       -2.22925022e-001, -8.65991339e-002, 2.36269776e-002,
       7.19294399e-002, 1.23828150e-001, 6.23075292e-002,
       1.34807797e-002, -4.87880222e-002, -1.79891258e-001,
       -1.19686022e-001, -3.29068908e-003, 7.84145519e-002,
       8.39861408e-002, 2.99270041e-002, 3.76451463e-002,
       2.40269322e-002, 3.37067954e-002, -1.40441479e-002,
       -2.18543895e-002, 1.11900328e-003, -1.15565713e-002,
       -3.31589356e-002, 2.43799407e-002, 5.67304045e-002,
       1.61665131e-003, 2.27265097e-002, 2.77625732e-002,
       -6.23397436e-003, -6.78535104e-002, -4.05735821e-002,
